amples: 156060



[mean: 0.58039, std: 0.00324, params: {'vect__ngram_range': (1, 1)}, mean: 0.56433, std: 0.00237, params: {'vect__ngram_range': (1, 2)}]
             precision    recall  f1-score   support

          0       0.57      0.14      0.23      1816
          1       0.48      0.39      0.43      6823
          2       0.64      0.88      0.74     19810
          3       0.58      0.14      0.23      8289
          4       0.40      0.62      0.48      2277

avg / total       0.58      0.59      0.54     39015

[[  257   917   612     8    22]
 [  150  2645  3851    72   105]
 [   35  1512 17457   461   345]
 [    7   389  5027  1190  1676]
 [    2    53   498   320  1404]]

